# command_history: dirgen 64 /autofs/space/linen_001/users/HongHsi/project/JYZ_cyl_sph_simulation/github_HHL_IEEETMI_MyCaliber/dirgen_temp.txt -cartesian -force  (version=3.0.3-62-g2dc13659-dirty)
-0.996322570099889 0.0725322548540693 0.0456114932372961
-0.720767325627684 -0.692854355768779 0.0211495626372534
0.565128128877599 0.272279142003664 -0.778777417996344
0.237810530015907 -0.454657129759 0.858331547930554
0.790536091870056 -0.252774588579376 -0.557815108095277
-0.253452933033018 -0.233281056829903 0.938797933136457
0.361944423745956 -0.619002290217702 -0.697016785181281
-0.282503274609697 -0.902873045992093 0.324055801762225
-0.711964633014896 -0.0104680732981233 0.702137294820172
-0.315665426039457 0.855560398120668 -0.410331261264521
-0.0625377583705958 0.656670285003283 0.751580445176488
0.335355285706873 0.743339467739409 -0.578777390755163
-0.772968890164488 0.58598542025681 -0.243187545084714
0.731413279578591 0.597842497310573 0.328053292721697
-0.597992784362317 -0.515127748522889 -0.61404237032337
-0.431253971194891 -0.900838696925379 0.0500964514753427
-0.252269863071026 -0.630808354373928 -0.733785211242488
-0.0625903469327894 -0.50838346972109 0.858853128413222
0.0155022835714869 -0.921971577393262 0.386947140683388
-0.233853139329928 0.842086012962507 0.486008082235723
0.513226761654264 0.0916521584225061 0.853345283562506
0.718835592338284 0.215732951866535 0.6608590505294
-0.249238250277307 0.374861140844763 0.892949841639086
-0.523773260400859 0.760964075369792 0.38287758838257
0.360663632329729 0.511220959879638 -0.780112090980821
-0.528860517330951 0.829261624220189 -0.180642497226245
-0.101021577774886 -0.99346696390235 0.0530851434821453
0.974326349210101 0.128771602394745 0.184678205675727
-0.536976005501792 -0.813027988667333 -0.225038350418079
-0.122646238680744 0.0935354634298916 0.988032902902743
-0.801873599282914 -0.291832584712831 0.521375558760566
0.413507717845832 0.759697774360313 0.501867172580474
-0.895453483349123 -0.438674132957486 -0.0756839760578089
-0.780838145495944 0.547259242498802 0.30132891006024
-0.0858612062741625 -0.850861895223979 -0.518326044602241
-0.28825275613807 0.687008274554248 -0.667030718387693
-0.402575255830318 0.905053689902194 0.137153132620359
-0.578263187325666 0.656732730538177 -0.484059714109563
0.855664597000759 0.323601958553853 0.403881009530825
0.957701561001403 0.235429706741051 -0.165470762490838
-0.431475217783775 0.0272332657581399 0.901713638398905
-0.626374994037274 0.52360183981196 0.577490675414189
0.942317778917673 -0.231795844860874 0.241470266991396
-0.213817903770296 0.970680346572084 -0.109825173826296
-0.400923296331783 -0.377591658822309 -0.834676613812963
-0.0248237514198514 -0.753848002549604 0.656579751757103
0.789299207389684 -0.370763370427179 0.489429549949219
-0.0937932228371042 0.96989333994812 0.224743721767952
0.914526321376075 0.0286825428751386 -0.403508264158938
0.583336161832674 0.747906120166068 -0.316789137623853
-0.818153656585057 -0.505593778246222 0.273860412647048
-0.617906511648225 -0.547224453834775 0.564567923272261
0.899172240891001 -0.437587154837506 0.00260060229040784
0.233549941599593 0.940911369904678 0.245235027601949
-0.693263275922311 0.142526343839552 -0.706450473543047
0.687810112845568 -0.723135447366473 -0.0631852311023644
-0.0708067842571092 -0.393694342459567 -0.916510318555387
0.925081653379892 -0.266291352699149 -0.270763457758949
-0.539126136852407 0.294693767340963 0.788985799652307
0.544304129862743 -0.437562649518542 0.715731752796169
0.0619919579523484 -0.19200301609106 0.979434448526889
-0.395382558325084 0.188745995167677 -0.898914668853765
0.206045507125128 0.105530872167547 0.972835281028143
-0.880402525292166 0.0184951851332594 -0.473866354140135
